1.407
0.08000000000000185
0.2079999999999984
-0.08599999999999852
0.2680000000000007
0.12899999999999778
0.17599999999999838
0.3420000000000023
0.2469999999999999
0.13700000000000045
0.3219999999999992
0.13600000000000279
0.38400000000000034
0.2740000000000009
0.21999999999999886
0.16799999999999926
0.08900000000000219
0.38000000000000256
0.2380000000000031
0.49700000000000344
0.5069999999999979
0.2270000000000003
1.2880000000000038
0.23200000000000287
0.31099999999999994
0.370000000000001
0.2870000000000026
0.43900000000000006
0.3760000000000012
0.06499999999999773
0.29100000000000037
0.2729999999999997
0.21399999999999864
0.3030000000000008
0.6059999999999981
0.20500000000000185
0.08500000000000085
0.24399999999999977
0.11100000000000065
0.25
0.11299999999999955
0.1039999999999992
0.21799999999999997
0.16399999999999793
0.129999999999999
0.16900000000000048
-0.06700000000000017
0.2789999999999999
0.31299999999999883
-0.004999999999999005
0.0259999999999998
0.3329999999999984
0.38400000000000034
0.5019999999999989
0.15200000000000102
0.15199999999999747
0.12399999999999878
0.18700000000000117
0.9080000000000013
-0.0020000000000024443
0.32500000000000284
0.11400000000000077
0.09600000000000364
0.33300000000000196
0.20400000000000063
0.4079999999999977
0.23900000000000077
0.3710000000000022
0.1769999999999996
0.20899999999999963
0.2710000000000008
0.09999999999999787
0.26200000000000045
0.13100000000000023
0.19200000000000017
0.07700000000000173
0.20600000000000307
0.10800000000000054
0.23799999999999955
0.15300000000000225
0.2890000000000015
0.03500000000000014
-0.010000000000001563
0.34699999999999775
0.053000000000000824
0.0470000000000006
0.23000000000000043
0.16699999999999804
0.2469999999999999
0.08899999999999864
0.2170000000000023
0.16600000000000037
0.41100000000000136
-0.004000000000001336
-0.013999999999999346
0.18100000000000094
0.11500000000000199
0.13500000000000156
0.10500000000000043
0.045999999999999375
0.28500000000000014
-0.07499999999999929
0.2469999999999999
0.18799999999999883
0.6070000000000029
0.5629999999999988
0.4800000000000004
0.5479999999999983
0.6230000000000011
0.8819999999999979
0.7489999999999988
0.620000000000001
1.2010000000000005
0.6030000000000015
0.5690000000000026
0.5749999999999993
0.5710000000000015
0.772000000000002
1.8660000000000032
1.6329999999999991
1.686
1.666000000000004
1.811
1.536999999999999
4.724999999999998
4.4680000000000035
3.8599999999999994
1.2579999999999956
1.379999999999999
-1.0239999999999974
