0.08
0.15
0.16
0.16
0.18
0.19
0.24
0.45
0.55
0.57
0.59
0.61
0.62
0.62
0.62
0.69
0.71
0.79
0.79
0.81
0.83
0.83
0.83
0.89633
0.937615
0.946789
0.95
0.95
0.97
0.97
0.99
1.01
1.02
1.04
1.04
1.05
1.08
1.11
1.11
1.13945
1.14
1.16
1.16697
1.18
1.19
1.2
1.2
1.21
1.22
1.22661
1.23
1.24
1.25
1.26
1.26
1.27
1.28
1.28
1.28
1.29
1.3
1.3
1.3
1.3
1.3
1.3
1.3
1.31
1.31
1.35046
1.35505
1.35963
1.36
1.38
1.38257
1.4
1.4
1.4055
1.40907
1.44
1.45596
1.46055
1.46514
1.48
1.48807
1.49725
1.5
1.5
1.5
1.5
1.5
1.5
1.5
1.5
1.5
1.5
1.5
1.52
1.52
1.52
1.52
1.53853
1.54771
1.56606
1.58899
1.6
1.60275
1.6211
1.63
1.63028
1.63486
1.63945
1.64404
1.65321
1.65321
1.67156
1.6945
1.7633
