70.2
232.18
229.96
168.47
322.49
132.89
292.09
20.6
77.64
160.05
176.83
71.11
52.48
34.0
109.78
21.0
32.29
24.05
16.88
44.65
30.25
30.86
98.64
48.46
9.57
33.5
50.62
77.8
19.42
24.62
16.24
21.74
82.78
58.48
78.48
19.1
14.9
6.59
38.67
17.35
27.23
25.33
29.91
12.02
17.97
6.1
55.0
11.83
8.03
11.07
6.99
6.5
26.0
4.32
8.71
8.66
8.12
29.24
8.91
7.9
6.5
6.2
27.6
18.2
4.1
24.5
5.2
5.73
6.92
10.17
11.07
14.66
5.15
4.27
22.44
25.1
5.7
10.77
23.93
3.81
9.27
8.97
8.08
3.75
7.48
5.09
3.9
18.0
5.7
15.1
6.0
5.0
14.8
5.7
6.1
5.4
3.7
27.73
23.44
10.4
8.42
6.88
6.28
7.18
5.68
4.5
8.08
10.17
5.9
23.93
7.48
7.78
17.65
5.38
5.09
18.55
13.76
19.74
