0.16519382555047268
0.16509391266791154
0.14642745644174798
0.145
0.2591987654291586
0.12541531007018242
0.12893796958227627
0.18387223825254317
0.2020123758585102
0.12823416081528355
0.11672617529928753
0.14173566946961516
0.14705441169852743
0.14477914214416385
0.13124404748406687
0.1619413474070165
0.13072490198887127
0.23428401567328488
0.1621604144049959
0.11914696806885183
0.13816294727603345
0.15362291495737218
0.17111691909334975
0.17692936443677176
0.1943604898121015
0.17265283084849783
0.17275416058665563
0.15926079241294763
0.14966629547095767
0.19728405916343064
0.14798648586948743
0.1514463601411404
0.1475262688472802
0.1558974021592406
0.17118411141224527
0.15481924944915604
0.16767826334978544
0.14499655168313486
0.13148764200486676
0.12633685131425432
0.15742934923323543
0.19293781381574737
0.14173566946961516
0.14618139416492099
0.12822246293064254
0.12822246293064254
0.16521501142450706
0.1723484841824842
0.14272000560538106
0.12913558765886343
0.14477914214416385
0.15596153371905522
0.11527792503337315
0.1786057109949175
0.16285269417482784
0.1422146265332789
0.1765106229097841
0.10624970588194586
0.16172816699635226
0.2191437884129961
0.15799050604387593
0.15904716281656833
0.14028898745090437
0.16685622553563892
0.15076140089558732
0.1633431969810803
0.13685393673548454
0.17004705231199982
0.15962769183321546
0.16248384535085328
0.14628738838327796
0.13991425945914163
0.142492105044455
0.1590723106011854
0.13629380029920657
0.1484082207965583
0.17296242366479492
0.13047988350699888
0.1452205219657332
0.16000312496948302
0.13072490198887127
0.17754154443397185
0.17989997220677942
0.19069347130932407
0.15173990905493517
0.13747727084867523
0.1432515270424717
0.1724209964012504
0.1358086889709197
0.17069270634681494
0.15620819440733574
0.1419718281913704
0.1386542462386205
0.21605786262017868
0.16365818036383026
0.13474420210161178
0.16075136080294936
0.23529555881911585
0.1634900608599801
0.21256528408938277
0.12397177098033246
0.15725457068079135
0.13685393673548454
0.18655026132385877
0.1595117550527233
0.16566230711903057
0.2079062288629179
0.1225724275683565
0.11651609330903608
0.24879710609249456
0.1389100428334827
0.177451401797788
0.16044936896105264
0.18947295321496416
0.1786644900364927
0.2224859546128699
0.1374772708486752
0.23290341345716684
0.17825823964125753
0.5023554518465984
0.6101024504130432
1.1594485758324946
1.2340344403621806
0.8383698467860112
1.0286087691634755
1.1877221897396713
0.6058390875471803
0.8179853299418028
0.5480884965039861
1.1345042970390196
