0.2215
0.2384
0.2737
0.3161
0.3222
0.3596
0.3731
0.3951
0.4124
0.4619
0.4701
0.5248
0.632
0.639
0.6401
0.6407
0.6484
0.6619
0.6943
0.73
0.7525
0.7551
0.7588
0.769
0.7913
0.8455
0.8596
0.866
0.8732
0.9136
0.9181
0.9851
0.991
1.0093
1.0159
1.0684
1.0685
1.0778
1.0825
1.0846
1.1046
1.1082
1.1189
1.1278
1.1325
1.1519
1.1761
1.2006
1.2312
1.278
1.2790000000000001
1.296
1.2981
1.306
1.3402
1.3555
1.3758
1.3959
1.4163
1.4193
1.4223
1.4534
1.4545
1.4656
1.475
1.5082
1.5426
1.5515
1.5917
1.5969
1.6258
1.6373
1.642
1.6447
1.6782
1.6871
1.6932
1.7018
1.7022
1.7321
1.7446
1.7518
1.7636
1.7717
1.8049
1.8194
1.8261
1.8287
1.8319999999999999
1.8537
1.8602
1.8688
1.8755
1.8795
1.889
1.9606
1.9817
2.0065
2.0578
2.0617
2.0629
2.2079
2.2905
2.3287
2.3613
2.4185
2.4571
2.582
2.6596
2.7173
2.7319999999999998
2.7631
2.8296
2.8513
2.8935
2.9373
2.9409
3.0352
3.1091
3.1462
3.1845
3.32
3.5839999999999996
3.674
3.7253
3.772
3.8818
3.9308
4.2481
4.3316
