-0.1269999999999989
0.054000000000002046
0.1059999999999981
0.379999999999999
1.3000000000000007
0.45899999999999963
0.11999999999999744
0.125
0.19599999999999795
0.43400000000000105
0.3309999999999995
0.2699999999999996
0.2240000000000002
0.28100000000000236
0.43400000000000105
0.40000000000000213
0.33899999999999864
1.2880000000000038
0.3789999999999978
0.2469999999999999
0.18700000000000117
0.43799999999999883
1.0159999999999982
0.18400000000000105
0.27099999999999724
0.22900000000000276
0.19900000000000162
0.14699999999999847
0.16799999999999926
0.4920000000000009
0.40300000000000225
0.3039999999999985
0.18299999999999983
0.03500000000000014
0.4920000000000009
0.23899999999999721
0.01699999999999946
0.16399999999999793
0.30200000000000315
0.04899999999999949
0.10999999999999943
0.06199999999999761
0.29100000000000037
0.17499999999999716
0.07899999999999707
0.2079999999999984
-0.028999999999999915
0.5290000000000035
0.027000000000001023
0.0010000000000012221
0.1529999999999987
0.13100000000000023
-0.022999999999999687
0.12200000000000344
-0.06500000000000128
0.29799999999999827
0.08200000000000074
0.062000000000001165
-0.0710000000000015
0.13400000000000034
0.13000000000000256
0.22199999999999775
0.2859999999999978
0.14499999999999957
0.10699999999999932
0.5960000000000036
0.1789999999999985
0.2699999999999996
0.5470000000000006
0.2359999999999971
0.13200000000000145
0.13700000000000045
0.4869999999999983
0.14599999999999724
0.1509999999999998
0.07900000000000063
0.2759999999999998
0.053000000000000824
0.030999999999998806
0.28999999999999915
0.02400000000000091
0.046999999999997044
0.030999999999998806
0.16199999999999903
-0.13899999999999935
0.14300000000000068
0.129999999999999
0.125
0.14700000000000202
0.1769999999999996
-0.013999999999999346
0.15900000000000247
0.022999999999999687
0.25300000000000367
-0.08999999999999986
0.0589999999999975
-0.015000000000000568
0.15000000000000213
0.045999999999999375
-0.11100000000000065
0.1980000000000004
0.4450000000000003
0.5069999999999979
0.6870000000000012
0.4839999999999982
0.5939999999999976
0.5730000000000004
0.6469999999999985
0.6039999999999992
0.5820000000000007
0.6310000000000002
1.0649999999999977
1.4069999999999965
1.7190000000000012
1.1910000000000025
1.716000000000001
1.722999999999999
1.7059999999999995
1.536999999999999
3.2280000000000015
2.740000000000002
3.373000000000001
5.577999999999999
2.067999999999998
3.5180000000000042
5.168000000000003
2.257000000000005
2.343
0.4739999999999931
2.504999999999999
