0.16023732399163437
0.13914381049834734
0.13357020625873123
0.2295125268912353
0.1623607095328177
0.2436411295327618
0.14397569239284805
0.275
0.13047605144240074
0.13726252219743015
0.22218010712032704
0.14931845163944074
0.16132265804901677
0.19841622917493418
0.13893883546366725
0.1500966355385756
0.14724469430169632
0.12955307792561319
0.12182364302548172
0.20101989951246121
0.15799050604387593
0.1441665703275208
0.2575441709687874
0.14477914214416385
0.13425349157470728
0.16152089648091977
0.13098091464026354
0.10677078252031312
0.12
0.14344336861632886
0.14871449156017041
0.1252038338071163
0.18122085972646748
0.15173661390712526
0.16234531098864544
0.20784850252046563
0.19422667170087635
0.13072490198887127
0.18559094805512472
0.1609347693943108
0.13023440405668543
0.15173661390712528
0.13901079094804117
0.15210522673465235
0.14862368586466965
0.15387007506334688
0.14568802284333465
0.15596153371905522
0.13595587519485874
0.15041608956491323
0.1459314907756376
0.13047605144240074
0.16864459671154602
0.15087743370033838
0.14980320423809365
0.1717556403731767
0.15725457068079135
0.17327723451163457
0.14722771478223792
0.20759576103572058
0.16365818036383029
0.16583123951777
0.1484048516727132
0.15006998367428445
0.17586642658563345
0.17181676286090367
0.16373454125504489
0.13816294727603345
0.1562049935181331
0.13638181696985857
0.16947271166769004
0.14008925726121899
0.18287700784953806
0.1833030277982336
0.1772032731074683
0.15860643114325473
0.1642224101637776
0.17879876957071042
0.18091158061329296
0.22204504047602594
0.12480384609458156
0.1205363015858708
0.146972786596703
0.16553247415537534
0.13335666462535722
0.1386542462386205
0.18847015678881365
0.1523450031999737
0.23366856870362349
0.14618139416492099
0.15326121492406355
0.23332595226420913
0.17844887222955486
0.1562049935181331
0.16807438829280327
0.1717556403731767
0.14705441169852743
0.15203946855997624
0.1352922762023021
0.17
0.23642334910071802
0.14397569239284805
0.1552063143045411
0.173735431043872
0.17265283084849783
0.15087743370033838
0.20185143051264215
0.16102484280383572
0.15152887513606111
0.47291542584271873
0.21703455946000857
0.1225724275683565
0.15854336946085132
0.1507348665704123
0.16439282222773596
1.1759659859026537
0.5253655869963316
0.17668050260286222
0.34387352326109666
0.40920532743355137
0.918163928718614
0.8625334776111593
1.0670051546267245
0.8203657720797475
0.7713941923556334
0.800140612642553
1.1403161842226042
1.2501455915212436
0.9407023971480034
1.0491882576544591
