0.1519
0.2239
0.2398
0.2902
0.29600000000000004
0.3099
0.3128
0.3178
0.3263
0.3285
0.3721
0.3797
0.3979
0.4324
0.4458
0.4646
0.5104
0.5342
0.54
0.5446
0.6121
0.6245
0.6267
0.6308
0.6599
0.6919
0.7601
0.7853
0.7905
0.8088
0.8154
0.8835
0.8936
0.9064
0.9088
0.9159
0.9515
1.014
1.0143
1.0447
1.0573
1.0758
1.0781
1.0925
1.095
1.1975
1.2125
1.2168
1.2455
1.2469
1.2569
1.2986
1.3041
1.3574
1.3618
1.3734
1.3774
1.379
1.3933
1.4003
1.4307
1.4741
1.4977
1.499
1.5365
1.5617
1.6206
1.6283
1.6298
1.6354
1.6381
1.6454
1.6908
1.7109999999999999
1.7143
1.7625
1.7764
1.7775
1.7859
1.7888
1.7897
1.8145
1.8383
1.8388
1.8587
1.8702
1.8715
1.885
1.8958
1.9089
1.9281
1.9437
1.9458
2.0073
2.0137
2.0554
2.0585
2.07
2.1599
2.1756
2.1768
2.252
2.2769999999999997
2.2848
2.3012
2.3401
2.4297
2.4425
2.4996
2.5185
2.5684
2.582
2.6941
2.7005
2.8477
2.9058
2.9235
3.1515
3.2117
3.2739
3.3824
3.5911
3.6035
3.6801
3.8833
3.8968
4.2092
4.5575
4.7864
4.8166
