0.28800000000000026
-0.0030000000000001137
0.6219999999999999
-0.7600000000000016
-0.08099999999999952
-0.037000000000002586
0.16199999999999903
0.11299999999999955
0.3039999999999985
-0.24399999999999977
0.6639999999999979
0.2900000000000027
0.375
0.22000000000000242
0.490000000000002
0.23199999999999932
0.365000000000002
0.32099999999999795
0.4700000000000024
0.34800000000000253
0.31599999999999895
0.43299999999999983
1.0990000000000002
0.3689999999999998
0.3329999999999984
0.11400000000000077
0.3670000000000009
0.18599999999999994
0.23499999999999943
0.43200000000000216
0.41000000000000014
0.2519999999999989
0.20599999999999952
0.120000000000001
0.3340000000000032
0.18099999999999739
0.4009999999999998
0.18599999999999994
0.28999999999999915
0.11200000000000188
0.2960000000000029
0.33899999999999864
0.21300000000000097
0.18599999999999994
0.43799999999999883
0.03399999999999892
0.04499999999999815
0.18199999999999505
0.11500000000000199
0.053000000000000824
0.12099999999999866
0.07499999999999929
0.0940000000000012
0.10999999999999943
0.06799999999999784
0.16900000000000048
0.08599999999999852
0.020999999999997243
0.08599999999999852
0.4140000000000015
0.18500000000000227
0.03200000000000003
0.536999999999999
0.23300000000000054
0.40400000000000347
0.49299999999999855
0.31200000000000117
0.3409999999999975
0.18700000000000117
0.4800000000000004
0.16900000000000048
0.1479999999999997
0.15899999999999892
0.20099999999999696
0.4009999999999998
0.08999999999999986
0.25900000000000034
0.18599999999999994
0.1750000000000007
0.5340000000000025
0.13800000000000168
0.14000000000000057
0.30200000000000315
0.08399999999999963
-0.125
0.10400000000000276
-0.030000000000001137
0.4029999999999987
0.22099999999999653
0.31400000000000006
0.05000000000000071
0.10999999999999943
0.3309999999999995
-0.02499999999999858
0.06400000000000006
0.39599999999999724
0.13500000000000156
0.18700000000000117
0.35700000000000287
0.3080000000000034
0.9819999999999993
0.6300000000000026
0.6270000000000024
0.6480000000000032
0.482999999999997
0.6519999999999975
1.0279999999999987
1.125
0.6760000000000019
2.446999999999999
1.2699999999999996
0.6469999999999985
0.5530000000000008
1.1209999999999987
1.8770000000000024
4.584000000000003
2.235000000000003
1.9080000000000013
2.4909999999999997
3.75
5.053000000000001
3.0779999999999994
3.0730000000000004
4.301000000000002
3.3740000000000023
4.7230000000000025
2.625
1.674000000000003
-1.4009999999999998
0.8780000000000001
