range logratio
390  -0.050355730
391  -0.060097060
393  -0.041900910
394  -0.050984700
396  -0.059913450
397  -0.028423920
399  -0.059584210
400  -0.039888810
402  -0.029395820
403  -0.039494450
405  -0.047647490
406  -0.060380000
408  -0.031230340
409  -0.038165840
411  -0.075622690
412  -0.050017510
414  -0.045729500
415  -0.077669660
417  -0.024606410
418  -0.071331840
420  -0.013207460
421  -0.031626150
423  -0.032474780
424  -0.088407970
426  -0.070241660
427  -0.028772630
429  -0.036967020
430  -0.101562500
432  -0.068313730
433  -0.031757510
435  -0.053368190
436  -0.057263810
438  -0.022955150
439  -0.014791660
441  -0.025318840
442  -0.095389440
444  -0.081261080
445  -0.064738010
447  -0.049400040
448  -0.024539830
450  -0.004223316
451  -0.046929080
453  -0.072642600
454  -0.063754970
456  -0.048675710
457  -0.079021940
459  -0.055083920
460  -0.036009150
462  -0.008198360
463  -0.029916380
465  -0.059044170
466  -0.043490760
468  -0.108366700
469  -0.071644950
471  -0.108043100
472  -0.011447560
474  -0.090664970
475  -0.074388490
477  -0.088807160
478  -0.072401300
480  -0.039412080
481  -0.084136980
483  -0.044777780
484  -0.148665100
486  -0.080272660
487  -0.054824790
489  -0.012024890
490   0.019348600
492  -0.083894270
493  -0.041574770
495  -0.061091210
496  -0.060443250
498  -0.082201860
499  -0.075303490
501  -0.044809910
502   0.008222156
504  -0.067588090
505  -0.032499460
507  -0.021981460
508  -0.042326210
510  -0.077852130
511  -0.078061950
513   0.026907170
514  -0.092260960
516  -0.091590450
517  -0.004001756
519  -0.018189330
520  -0.025276170
522  -0.058424990
523  -0.052573050
525  -0.026062480
526  -0.118087700
528  -0.052631100
529  -0.041351480
531  -0.009199134
532  -0.083366440
534  -0.012533340
535  -0.062903320
537  -0.060180180
538  -0.103568600
540  -0.126116600
541  -0.038870120
543  -0.056549840
544  -0.074448420
546  -0.003788664
547  -0.092039710
549  -0.055173560
550  -0.100433700
552  -0.169438000
553  -0.064141840
555  -0.186734800
556  -0.090860060
558  -0.059187140
559  -0.081035100
561  -0.103477600
562  -0.065673940
564  -0.182124500
565  -0.085712700
567  -0.121604100
568  -0.134269200
570  -0.193390800
571  -0.117863900
573  -0.287109000
574  -0.273944700
576  -0.186719400
577  -0.189195300
579  -0.294862500
580  -0.371198400
582  -0.232675300
583  -0.271973600
585  -0.275020400
586  -0.310527100
588  -0.399157200
589  -0.425672200
591  -0.519027200
592  -0.424584400
594  -0.398271100
595  -0.346376700
597  -0.440465100
598  -0.416947400
600  -0.366367800
601  -0.412190200
603  -0.525884900
604  -0.458107900
606  -0.460408100
607  -0.521879200
609  -0.566426900
610  -0.708995600
612  -0.650540200
613  -0.571982900
615  -0.401473600
616  -0.525136200
618  -0.563555800
619  -0.590039200
621  -0.424141300
622  -0.489361900
624  -0.542304700
625  -0.655504900
627  -0.509341000
628  -0.483083200
630  -0.600755200
631  -0.683696500
633  -0.515332200
634  -0.485786300
636  -0.663813500
637  -0.769263200
639  -0.479689100
640  -0.772027200
642  -0.540661400
643  -0.565100900
645  -0.456521700
646  -0.419902300
648  -0.539716900
649  -0.923823200
651  -0.640224000
652  -0.825267700
654  -0.596618300
655  -0.546587100
657  -0.423674600
658  -0.707649500
660  -0.455401300
661  -0.675938200
663  -0.658868800
664  -0.719863500
666  -0.568205500
667  -0.639420400
669  -0.731023700
670  -0.611648100
672  -0.617259600
673  -0.755963700
675  -0.766384800
676  -0.712309300
678  -0.708644300
679  -0.537711200
681  -0.724290000
682  -0.621456400
684  -0.632412100
685  -0.949553500
687  -0.675763100
688  -0.588709700
690  -0.911435300
691  -0.432679400
693  -0.859001700
694  -0.798765300
696  -0.693147200
697  -0.886574000
699  -0.796826100
700  -0.502526800
702  -0.471670200
703  -0.780108800
705  -0.666843100
706  -0.578347900
708  -0.787452200
709  -0.615695600
711  -0.896760200
712  -0.707737900
714  -0.672567000
715  -0.621841300
717  -0.865761100
718  -0.557754000
720  -0.802668400
