0.17915356541246955
0.13257450735341242
0.12563439019631528
0.12480384609458156
0.14740759817594207
0.1564736399525492
0.2352785583090818
0.13840520221436767
0.1666253282067285
0.13685393673548454
0.16458736281987144
0.17017931719218996
0.1459314907756376
0.12913558765886343
0.1258610344785073
0.1532449020359242
0.16800297616411444
0.12114454176726246
0.15152887513606111
0.18538878067455972
0.14705441169852743
0.1703672503740082
0.3682404106015525
0.16982638193166572
0.1436140661634507
0.17116074316267732
0.14269197594819408
0.1252038338071163
0.1344953530795767
0.12053630158587081
0.13685393673548454
0.14379151574414953
0.14642745644174798
0.19382724266727833
0.14931845163944074
0.13
0.1408580846100074
0.18847015678881365
0.15596153371905522
0.14327944723511463
0.1523450031999737
0.173735431043872
0.13612126946219685
0.16172816699635226
0.15387007506334688
0.19849433241279207
0.15904716281656833
0.21791970998512272
0.1340186554178186
0.157175061635108
0.1611241757155021
0.1772032731074683
0.11475626344561764
0.11694443124834975
0.18027756377319948
0.18122085972646748
0.12053630158587081
0.1252038338071163
0.16823792675850474
0.14981321704042005
0.16865349092147486
0.1452205219657332
0.17118411141224527
0.13705473359209452
0.13257450735341242
0.17492855684535902
0.17069270634681497
0.181463494951464
0.12874781551544864
0.2039607805437114
0.16406096427852668
0.15610573339887296
0.24350770008359077
0.14908051515875576
0.17493141513175955
0.19452763299850231
0.14884891669071698
0.16800297616411441
0.13379088160259653
0.14477914214416385
0.10111874208078342
0.18113254815189897
0.12480384609458156
0.3323868228435056
0.1552932709424333
0.14173566946961516
0.13023440405668543
0.14379151574414953
0.15692354826475216
0.15799050604387593
0.17095320997278757
0.14
0.1441665703275208
0.13206437824031128
0.19078784028338913
0.15173990905493517
0.16272983746074351
0.15311433636338564
0.15362291495737215
0.12426182036329582
0.13685393673548454
0.12073110618229255
0.15839507568103245
0.1441665703275208
0.255154854941073
0.1462908062729849
0.1419718281913704
0.15370426148939398
0.14595889832415151
0.13
0.1422146265332789
0.13698175060934212
0.20712315177207982
0.1481924424523734
0.12684242192578948
0.16852596239155557
0.12231516668017912
0.938394373384666
0.22556817151362468
0.20606794995826014
0.15033296378372907
0.16154256405046938
0.17810390225932726
0.17825823964125753
0.9670827265544556
0.6380666109427762
1.4767410064056596
0.6474882238311366
0.6000208329716561
1.345213737664019