0.1836
0.2686
0.2696
0.2875
0.3075
0.3129
0.3544
0.3579
0.3747
0.3758
0.3892
0.3908
0.3963
0.4176
0.4264
0.4268
0.4764
0.516
0.5193
0.5903
0.6493
0.6569
0.6748
0.6902
0.7087
0.7190000000000001
0.7314
0.759
0.847
0.8575
0.8763
0.8891
0.8951
0.9671
0.9801
1.0104
1.0167
1.0268
1.0395
1.0529
1.0768
1.0958
1.0984
1.1124
1.1138
1.1595
1.1779
1.2361
1.2737
1.275
1.3192
1.3414
1.3457
1.3598
1.3635
1.3711
1.3961
1.3971
1.4234
1.4462
1.4647
1.48
1.4928
1.5085
1.5429
1.5475
1.5539
1.58
1.5801
1.5855
1.5886
1.6366
1.6458
1.6493
1.6516
1.6541
1.6841
1.6956
1.7089
1.7092
1.7184
1.723
1.7528
1.7546
1.7693
1.7827
1.7941
1.8122
1.8318
1.8327
1.839
1.8446
1.8452
1.8804
1.8867
1.8941
1.9398
1.9612
1.9624
1.9724
1.9921
2.0032
2.0515
2.0893
2.1461
2.1879
2.2071
2.2698
2.3179
2.3284
2.3633
2.4237
2.4295
2.4313
2.4486
2.4826
2.4899
2.7435
2.7548
2.7972
2.84
2.9777
3.07
3.1091
3.4598
3.5893
3.8492
3.9598
4.0733
4.888999999999999