0.18000277775634463
0.15041608956491323
0.11173182178770738
0.1523975065412817
0.1213630915888352
0.1503362896974646
0.18330575550156628
0.12806248474865697
0.1626161123628283
0.14781407240178454
0.1619413474070165
0.1905885620912231
0.16023732399163437
0.14327944723511463
0.16773789077009404
0.18888091486436634
0.13023440405668543
0.15839507568103245
0.14884891669071698
0.15459624833740307
0.15006998367428445
0.14643770006388382
0.14344336861632886
0.15646405337968208
0.10609429767899875
0.11983738982471205
0.11558979193683153
0.14477914214416385
0.1459314907756376
0.2772435752186153
0.15404220200970903
0.43689357971936366
0.15889933920567448
0.15459624833740307
0.12874781551544864
0.1405844941663198
0.15848028268526024
0.13257450735341242
0.155
0.1105667219374799
0.1703672503740082
0.1958800653461194
0.154220621189256
0.15459624833740307
0.18519179247472065
0.12737739202856996
0.1958800653461194
0.12443472184241824
0.16521501142450706
0.1773161019197072
0.17828067758453242
0.14106735979665885
0.13295111883696203
0.1258610344785073
0.13335666462535722
0.13072490198887127
0.1386542462386205
0.15459624833740307
0.1958800653461194
0.16401219466856726
0.1765106229097841
0.1532970971675589
0.15839507568103245
0.16543578814754686
0.16543578814754686
0.25339494864736356
0.23669389514729777
0.12093386622447824
0.15950235107985086
0.2161689154342039
0.17522556891047608
0.12737739202856996
0.1523450031999737
0.1847051704744618
0.1626161123628283
0.12427389106324788
0.13295111883696203
0.14672763884149434
0.1386542462386205
0.17380736463107654
0.14657421328460202
0.1896338577364285
0.13179150200221562
0.14545102268461368
0.13698175060934212
0.13792751719653334
0.15370426148939398
0.15102648774304459
0.1690443728729235
0.13474420210161178
0.1552932709424333
0.17090640713560157
0.16302147097851866
0.1672154299100415
0.22391069648411172
0.13971757226634024
0.19158288023724876
0.2086168737183069
0.14705441169852743
0.16
0.1499466571818125
0.20531926358722405
0.1536261696456694
0.12116517651536683
0.20056171120131577
0.13647344063956182
0.2
0.17973313550928777
0.11717081547894083
0.4354411556111802
0.1824719156473127
0.14538225476309
0.16000312496948302
0.23383968867581054
0.14767870530310048
0.7521495861861522
0.4377773406653204
0.2004095806093112
0.2795871957010907
0.6366482545330663
0.4437127449149956
0.5819974226747058
1.3310131479440765
0.985945738872074
0.6946826613641657
1.0377904412741523
0.9699530916492818
0.9158433272126844
1.0710784285009196
0.8301379403448562
