0.2056
0.2093
0.3047
0.3625
0.3681
0.3865
0.4427
0.4444
0.4759
0.5012
0.5015
0.5152
0.5171
0.5253
0.5562
0.5594
0.5796
0.5888
0.5922
0.6126
0.6785
0.6872
0.6971
0.7347
0.7627
0.7838
0.8207
0.8487
0.8569
0.8679
0.8812
0.8896
0.9339
0.9697
0.9735
0.9802
1.0144
1.0288
1.0493
1.0566
1.0867
1.0903
1.0936
1.1136
1.1525
1.1551
1.1626
1.1719
1.1761
1.1813
1.2114
1.2179
1.2226
1.2491
1.2823
1.3057
1.3351
1.3452
1.3491
1.3741
1.3758
1.3824
1.4136
1.4381
1.4534
1.4647
1.4772
1.4946
1.5288
1.5299
1.5687
1.5761
1.6078
1.6239
1.6461
1.6712
1.6980000000000002
1.7201
1.7307
1.7547
1.7842
1.7843
1.8044
1.8063
1.8258
1.8293
1.8299
1.8305
1.8826
1.8865
1.9273
1.9463
1.9483
1.952
1.9902
1.9933
2.0394
2.1134
2.1312
2.1542
2.1804
2.1853
2.3022
2.33
2.3686
2.3687
2.3839
2.4138
2.5261
2.5747
2.6178
2.7181
2.7705
2.7833
2.8268
2.9415
3.1148
3.1399
3.1435
3.187
3.2409
3.3879
3.468
3.5861
3.6656
3.81
3.8560000000000003
3.8851
4.0361
4.4127
