0.12300000000000111
-0.0330000000000048
0.3460000000000001
0.15199999999999747
0.30299999999999727
0.24399999999999977
0.46499999999999986
0.24099999999999966
0.26599999999999824
0.3619999999999983
0.3910000000000018
0.2930000000000028
0.28800000000000026
0.46899999999999764
0.31599999999999895
0.25900000000000034
0.40500000000000114
0.39599999999999724
0.3689999999999998
0.2930000000000028
0.4670000000000023
0.357999999999997
0.4109999999999978
0.3210000000000015
0.43400000000000105
0.31800000000000495
0.2579999999999991
0.16900000000000048
0.4009999999999998
0.8249999999999993
0.21699999999999875
1.1210000000000022
0.17900000000000205
0.30600000000000094
0.013999999999999346
0.5159999999999982
0.1579999999999977
0.1939999999999955
0.2630000000000017
0.21099999999999852
0.19500000000000028
0.18799999999999883
0.05900000000000105
0.21499999999999986
0.028000000000002245
0.09199999999999875
0.07600000000000051
0.14899999999999736
-0.028999999999999915
0.1529999999999987
0.04999999999999716
0.08699999999999619
-0.19899999999999807
0.004999999999999005
-0.26099999999999923
0.06599999999999895
0.17799999999999727
0.2270000000000003
-0.125
0.3039999999999985
0.08200000000000074
0.23499999999999943
0.23700000000000188
0.6479999999999997
0.36499999999999844
0.004999999999999005
0.18799999999999883
0.2630000000000017
0.24900000000000233
0.3789999999999978
0.23199999999999932
0.2469999999999999
0.23000000000000043
0.08599999999999852
0.22799999999999798
0.29299999999999926
0.11699999999999733
0.08899999999999864
0.10099999999999909
0.10500000000000043
0.15499999999999758
0.20599999999999952
0.14899999999999736
0.125
0.10299999999999798
0.028999999999999915
0.021000000000000796
0.26200000000000045
0.06099999999999639
0.11100000000000065
0.17499999999999716
-0.1479999999999997
-0.05700000000000216
0.01899999999999835
0.1419999999999959
0.015000000000000568
0.2270000000000003
0.18000000000000327
0.34199999999999875
0.46999999999999886
0.4590000000000032
0.2079999999999984
0.7420000000000009
0.7429999999999986
0.41499999999999915
0.4740000000000002
1.0519999999999996
0.5999999999999979
0.6230000000000011
2.059000000000001
1.2119999999999997
1.0829999999999984
1.0679999999999978
1.009999999999998
1.0309999999999988
4.339000000000002
2.649000000000001
2.291999999999998
1.7520000000000024
3.794999999999998
2.5090000000000003
2.8470000000000013
3.776
3.5970000000000013
2.5849999999999973
2.0280000000000022
3.406000000000006
3.5290000000000035
4.017999999999997
-0.129999999999999
