0.15404220200970903
0.1722672342611908
0.15297385397511565
0.14028898745090437
0.13698175060934212
0.21384340064636084
0.11631422956801116
0.16383223126112884
0.07975587752636165
0.17493141513175955
0.13072490198887127
0.13357020625873123
0.15173661390712528
0.1425622670975739
0.165
0.1252038338071163
0.20254629100529092
0.14618139416492099
0.13295111883696203
0.19526648457940754
0.16213882940245994
0.13638181696985857
0.15076140089558732
0.20365657367244497
0.16984993376507393
0.15684387141358122
0.19723082923316018
0.1581897594662815
0.17239779580957526
0.15404220200970903
0.21762582567333316
0.1316206670701832
0.14379151574414953
0.15725457068079135
0.13315029102484155
0.14545102268461368
0.15006998367428445
0.13666016244685208
0.1432515270424717
0.15339165557487147
0.15041608956491323
0.14778700890132396
0.11236102527122116
0.17408044117591154
0.18286880543165365
0.1452205219657332
0.16007810593582122
0.16275441622272496
0.19432189789110232
0.15848028268526024
0.11717081547894084
0.1443641229668923
0.5157140680648531
0.16201543136380558
0.1405844941663198
0.13698175060934212
0.15633617623570048
0.18062391868188443
0.24392621835300937
0.13275918047351754
0.16821414922651423
0.13072490198887127
0.12893796958227627
0.14884891669071698
0.16438978070427615
0.12338962679253065
0.1432515270424717
0.1659186547679314
0.12017071190602142
0.21761433776293324
0.1252038338071163
0.1225724275683565
0.12034949106664307
0.15479341071247185
0.2525094057654091
0.15620819440733577
0.13666016244685208
0.16309506430300091
0.1661324772583615
0.1655294535724685
0.14379151574414953
0.15210522673465235
0.19758795509848265
0.1724209964012504
0.1952331938989884
0.1443641229668923
0.16316862443496913
0.14008925726121899
0.12955307792561319
0.15904716281656833
0.12206555615733702
0.1514463601411404
0.1440971894243604
0.19754746265138412
0.15904716281656833
0.19213536894595956
0.11694443124834975
0.13698175060934212
0.21177582487148996
0.13769894698217558
0.21329791372631848
0.1595117550527233
0.1756160584912439
0.16553247415537534
0.12684242192578948
0.1787763966523545
0.16495150802584377
0.14106735979665885
0.13564659966250536
0.16566230711903057
0.13392535234226566
0.1316206670701832
0.22159422375143265
0.2537715508089904
0.2470323865407125
0.3023243291566195
0.3570448151142935
0.6805174501803756
0.7891489086351193
0.20370567002417975
1.5275221765984284
0.6232567689163111
0.6415800807381725
1.220640815309729
0.613566622299486
0.48163160195319416
1.0375591549400929
0.9596353474106715
0.9814402681773354
1.2879534153066252
