0.2953
0.3142
0.3912
0.4177
0.4484
0.4525
0.4739
0.5555
0.5655
0.6106
0.6484
0.67
0.6964
0.7061
0.7163
0.7703
0.8378
0.8458
0.8565
0.8635
0.9297
0.9331
0.9535
0.9755
0.9909
0.9992
1.0258
1.0377
1.0586
1.0668
1.0842
1.0864
1.1611
1.1652
1.1698
1.1786
1.1792
1.1874
1.2159
1.2182
1.2469
1.2667
1.2921
1.3214
1.3418
1.3477
1.3498
1.3932
1.4416
1.4446
1.4567
1.489
1.5075
1.5190000000000001
1.5285
1.5497
1.5543
1.5804
1.5932
1.5964
1.6078
1.6094
1.6118
1.6188
1.6243
1.6246
1.6269
1.6304
1.6378
1.6552
1.6567
1.6609
1.6687
1.6787
1.7034
1.7077
1.7102
1.7173
1.7483
1.7514
1.7515
1.7535
1.7661
1.8062
1.8409
1.8704
1.889
1.8994
1.9040000000000001
1.9084
1.9183
1.9262
1.9374
1.9772
1.9933
2.0021
2.0529
2.0547
2.0831
2.0909
2.1122
2.117
2.1604
2.2073
2.2201
2.2257
2.2427
2.2755
2.2762
2.2926
2.3854
2.5543
2.5568
2.6318
2.6387
2.9610000000000003
3.0152
3.1274
3.2407
3.4756
3.5118
3.5306
3.5431
3.5839999999999996
3.7439999999999998
3.7833
3.9113
3.9469
4.2969
4.6095
