0.24200000000000088
0.2749999999999986
0.21499999999999986
0.19500000000000028
0.48200000000000287
0.3230000000000004
0.4239999999999995
0.38700000000000045
0.4220000000000006
0.4499999999999993
0.33899999999999864
0.4280000000000008
0.28600000000000136
0.3539999999999992
0.29499999999999815
0.36999999999999744
0.5259999999999998
0.2830000000000048
0.3019999999999996
0.1479999999999997
0.25900000000000034
0.09500000000000242
0.2560000000000002
0.07900000000000063
0.12600000000000122
0.272000000000002
-0.2289999999999992
0.21999999999999886
0.03999999999999915
0.17099999999999937
0.12199999999999989
0.054999999999999716
0.07600000000000051
0.00999999999999801
0.2970000000000006
0.0799999999999983
0.19699999999999562
-0.021000000000000796
0.30600000000000094
0.07499999999999929
0.053000000000000824
0.1440000000000019
0.30799999999999983
0.20599999999999952
0.06400000000000006
0.15200000000000102
0.08899999999999864
0.40400000000000347
0.19200000000000017
0.09600000000000009
0.8200000000000003
0.09700000000000131
1.6230000000000047
0.4049999999999976
0.13500000000000156
0.370000000000001
0.3999999999999986
0.2660000000000018
0.40700000000000003
0.43799999999999883
0.254999999999999
0.125
0.09600000000000009
0.2980000000000018
0.2010000000000005
0.1479999999999997
0.31299999999999883
0.23699999999999832
0.23700000000000188
0.14300000000000068
0.16499999999999915
0.3829999999999991
0.17199999999999704
0.10900000000000176
1.2219999999999978
0.1960000000000015
0.15399999999999991
0.25200000000000244
0.29499999999999815
0.15600000000000236
0.22100000000000009
0.05900000000000105
0.3200000000000003
0.10899999999999821
-0.11400000000000432
0.42900000000000205
0.6410000000000018
-0.12900000000000134
-0.05000000000000071
0.16900000000000048
0.0519999999999996
-0.062000000000001165
0.07199999999999918
0.022999999999999687
0.5390000000000015
-0.09700000000000131
0.46300000000000097
0.10200000000000031
-0.006000000000000227
0.22900000000000276
1.0319999999999965
0.6729999999999983
0.22000000000000242
0.5700000000000003
0.3440000000000012
0.4299999999999997
0.48100000000000165
0.6920000000000002
0.6050000000000004
0.5229999999999997
0.7049999999999983
0.7249999999999979
1.641999999999996
1.061
0.6670000000000051
2.189
2.349
2.7180000000000035
4.944000000000003
1.4090000000000025
5.109999999999999
3.3809999999999967
4.276
2.3360000000000056
5.756
2.901
4.419999999999998
2.5919999999999987
1.4309999999999974
1.7970000000000006
