68.467415
66.04653
65.6599
65.6599
64.85599
64.43883
62.204422
50.64204
44.529186
43.311985
42.10358
40.90667
40.313297
40.313297
40.313297
36.281017
35.175087
30.997353
30.997353
30.01923
29.068901
29.068901
29.068901
26.119444
24.440825
24.08399
23.960472
23.960472
23.207039
23.207039
22.480743
21.781086
21.441078
20.780336
20.780336
20.459448
19.53375
18.661758
18.661758
17.855717
17.841122
17.321383
17.145233
16.822693
16.58102
16.344345
16.344345
16.11258
15.885638
15.738237
15.66343
15.44587
15.232877
15.0243635
15.0243635
14.820247
14.620445
14.620445
14.620445
14.424874
14.2334585
14.2334585
14.2334585
14.2334585
14.2334585
14.2334585
14.2334585
14.046116
14.046116
13.328127
13.250585
13.173979
13.167821
12.842385
12.801586
12.530883
12.530883
12.447587
12.394062
11.947536
11.728813
11.667335
11.606481
11.413688
11.311642
11.1977825
11.164129
11.164129
11.164129
11.164129
11.164129
11.164129
11.164129
11.164129
11.164129
11.164129
11.164129
10.925544
10.925544
10.925544
10.925544
10.713912
10.612318
10.415501
10.1809025
10.07258
10.045954
9.872547
9.791069
9.788532
9.747285
9.706389
9.665927
9.586387
9.586387
9.432281
9.248802
8.755283