0.17915356541246955
0.1392838827718412
0.13257450735341242
0.12563439019631528
0.12480384609458156
0.14740759817594207
0.1564736399525492
0.2352785583090818
0.12480384609458156
0.13840520221436764
0.14352700094407325
0.16662532820672854
0.13685393673548454
0.16458736281987144
0.17017931719218996
0.1751456536714514
0.1459314907756376
0.15963708842245902
0.1523975065412817
0.12913558765886343
0.1258610344785073
0.15324490203592417
0.13714590770416737
0.14352700094407325
0.16800297616411441
0.12182364302548172
0.14672763884149434
0.12114454176726247
0.15152887513606111
0.1432515270424717
0.13726252219743013
0.14397569239284805
0.18538878067455972
0.14993665329064806
0.14740759817594207
0.19626767436335513
0.1636337373526621
0.14705441169852743
0.1703672503740082
0.3682404106015525
0.16982638193166574
0.1436140661634507
0.17116074316267735
0.14269197594819408
0.14008925726121899
0.1252038338071163
0.14705441169852743
0.13257450735341242
0.1344953530795767
0.1344953530795767
0.1205363015858708
0.13685393673548454
0.14379151574414953
0.14642745644174798
0.19382724266727833
0.14931845163944074
0.13
0.1408580846100074
0.13526270735128734
0.1626161123628283
0.18847015678881365
0.15596153371905522
0.14327944723511463
0.1523450031999737
0.173735431043872
0.13612126946219685
0.16172816699635226
0.15387007506334688
0.19849433241279207
0.18430680942385172
0.15904716281656833
0.14008925726121899
0.13769894698217558
0.1535447817413539
0.16065179737556626
0.14150618361046982
0.1634900608599801
0.1432515270424717
0.21791970998512272
0.1340186554178186
0.15717506163510803
0.20622560461785536
0.1611241757155021
0.17485994395515514
0.17493141513175955
0.15542200616386342
0.1772032731074683
0.11475626344561765
0.11694443124834975
0.1408580846100074
0.18027756377319948
0.18122085972646748
0.2567099530598687
0.17810390225932726
0.19360785108047657
0.1205363015858708
0.1252038338071163
0.1552063143045411
0.1154296322440646
0.1682379267585047
0.14981321704042005
0.16865349092147486
0.1452205219657332
0.1258610344785073
0.17118411141224527
0.13526270735128734
0.1370547335920945
0.190370691021491
0.1258928115501437
0.172580416038437
0.13257450735341242
0.17492855684535902
0.17069270634681494
0.16539649331228276
0.12658593918757327
0.181463494951464
0.12874781551544864
0.2039607805437114
0.16406096427852668
0.16309812997088594
0.21483947495746678
0.15610573339887296
0.2435077000835908
0.14908051515875576
0.17493141513175955
0.1945276329985023
0.14759403781996075
0.16800297616411441
0.14884891669071698
0.16800297616411441
0.13379088160259653
0.14477914214416385
0.10111874208078342
0.18113254815189897
0.16843099477233991
0.12480384609458156
0.3323868228435056
0.1552932709424333
0.16383223126112884
0.14173566946961516
0.13023440405668543
0.1558717421471897
0.17327723451163454
0.14379151574414953
0.13315029102484155
0.15692354826475216
0.15799050604387593
0.1709532099727876
0.13999999999999999
0.1441665703275208
0.16575886099994774
0.13206437824031128
0.1907878402833891
0.15173990905493517
0.14862368586466965
0.14272000560538106
0.16644518617250545
0.12379014500355026
0.1627298374607435
0.16439282222773596
0.15968719422671313
0.18665744024817227
0.18265815065307103
0.15311433636338564
0.15362291495737218
0.12426182036329582
0.13685393673548452
0.12073110618229256
0.16285269417482784
0.15839507568103245
0.23282826288919478
0.13098091464026354
0.1441665703275208
0.255154854941073
0.1462908062729849
0.1419718281913704
0.14956269588369955
0.15370426148939398
0.14595889832415151
0.13
0.1422146265332789
0.13698175060934212
0.2071231517720798
0.1481924424523734
0.12684242192578948
0.16852596239155557
0.12231516668017911
0.938394373384666
0.22556817151362468
0.20606794995826014
0.15033296378372907
0.16154256405046938
0.17810390225932726
0.17825823964125753
0.9670827265544556
0.6380666109427762
1.4767410064056594
0.6474882238311366
0.6000208329716561
1.345213737664019
