0.1836
0.2329
0.2686
0.2696
0.2875
0.3075
0.3129
0.3544
0.3567
0.3579
0.3732
0.3747
0.3758
0.3892
0.3908
0.3926
0.3963
0.3968
0.4129
0.4176
0.4264
0.4268
0.4304
0.4673
0.4764
0.5002
0.5005
0.516
0.5193
0.5319
0.5364
0.5554
0.5903
0.5934
0.6103
0.6305
0.6443
0.6493
0.6569
0.6748
0.6902
0.7087
0.719
0.7314
0.7568
0.759
0.7728
0.8
0.8167
0.847
0.8575
0.8763
0.8891
0.8951
0.9671
0.9801
1.0104
1.0167
1.0246
1.0256
1.0268
1.0395
1.0529
1.0768
1.0958
1.0984
1.1124
1.1138
1.1595
1.1643
1.1779
1.1924
1.1971
1.2045
1.2066
1.2178
1.2319
1.2353
1.2361
1.2737
1.275
1.2998
1.3192
1.3299
1.3358
1.3384
1.3414
1.3457
1.3598
1.3627
1.3635
1.3711
1.3731
1.3903
1.3952
1.3961
1.3971
1.4023
1.4037
1.4234
1.4462
1.4647
1.48
1.4921
1.4928
1.5007
1.5085
1.5132
1.5279
1.5394
1.5429
1.5475
1.5539
1.5657
1.5679
1.58
1.5801
1.5855
1.5886
1.6219
1.6294
1.6366
1.6458
1.6493
1.6516
1.6541
1.6676
1.6714
1.6841
1.6956
1.7089
1.7092
1.7184
1.723
1.7377
1.7528
1.7546
1.7693
1.7717
1.7827
1.7941
1.7976
1.8041
1.8122
1.8238
1.8318
1.8327
1.839
1.8446
1.8452
1.8721
1.8804
1.8867
1.8941
1.92
1.9257
1.9275
1.938
1.9398
1.9447
1.9467
1.9541
1.9567
1.9612
1.9624
1.9724
1.9921
2.0032
2.008
2.0515
2.0862
2.0867
2.0893
2.1461
2.1879
2.2071
2.2082
2.2698
2.3179
2.3284
2.3633
2.4237
2.4295
2.4313
2.4486
2.4826
2.4899
2.7435
2.7548
2.7972
2.84
2.9777
3.07
3.1091
3.4598
3.5893
3.8492
3.9598
4.0733
4.889
