1.407
-0.03200000000000003
0.08000000000000185
0.20800000000000196
-0.08599999999999852
0.2680000000000007
0.12899999999999778
0.17599999999999838
0.1819999999999986
0.3420000000000023
0.1680000000000028
0.24699999999999633
0.13700000000000045
0.3219999999999992
0.13600000000000279
0.09600000000000009
0.38400000000000034
0.22500000000000142
0.2740000000000009
0.27399999999999736
0.22000000000000242
0.16799999999999926
0.2480000000000011
0.2630000000000017
0.08900000000000219
0.36799999999999855
0.28800000000000026
0.379999999999999
0.2380000000000031
0.509999999999998
0.25
0.5380000000000003
0.4969999999999999
0.4350000000000023
0.5019999999999989
0.5200000000000031
1.2630000000000017
0.5069999999999979
0.2270000000000003
1.2880000000000003
0.23200000000000287
0.31099999999999994
0.370000000000001
0.2870000000000026
0.2339999999999982
0.43900000000000006
0.1980000000000004
0.19500000000000028
0.3309999999999995
0.3760000000000012
0.06500000000000128
0.29100000000000037
0.2729999999999997
0.21399999999999864
0.3030000000000008
0.6059999999999981
0.20500000000000185
0.08500000000000085
0.1109999999999971
0.19399999999999906
0.24399999999999977
0.11100000000000065
0.25
0.11299999999999955
0.1039999999999992
0.21799999999999997
0.16400000000000148
0.129999999999999
0.16900000000000048
0.14700000000000202
-0.06700000000000017
0.1280000000000001
0.30900000000000105
-0.0329999999999977
0.054999999999999716
-0.027000000000001023
0.054000000000002046
0.4529999999999994
0.2789999999999999
0.31299999999999883
-0.004999999999999005
0.12099999999999866
0.0259999999999998
-0.05999999999999872
-0.12199999999999989
0.0779999999999994
0.3329999999999984
0.38400000000000034
0.5019999999999989
0.18799999999999883
0.15200000000000102
0.15199999999999747
0.33999999999999986
0.047999999999998266
0.12099999999999866
0.12399999999999878
0.18700000000000117
0.2789999999999999
0.0779999999999994
0.9080000000000013
-0.0020000000000024443
0.3249999999999993
0.11400000000000077
0.4190000000000005
0.09600000000000009
0.43700000000000117
0.3329999999999984
0.2940000000000005
0.46300000000000097
0.26699999999999946
0.20400000000000063
0.40800000000000125
0.23900000000000077
0.48799999999999955
0.39199999999999946
0.37099999999999866
0.1769999999999996
0.20899999999999963
0.2710000000000008
0.14700000000000202
0.2510000000000012
0.10000000000000142
0.26200000000000045
0.13100000000000023
0.19199999999999662
0.07699999999999818
0.2129999999999974
0.2539999999999978
0.20599999999999952
0.10800000000000054
0.23799999999999955
0.1529999999999987
0.2890000000000015
0.03500000000000014
0.43599999999999994
-0.010000000000001563
0.3470000000000013
0.053000000000000824
0.06499999999999773
0.046999999999997044
0.23000000000000043
0.054000000000002046
-0.019000000000001904
0.16699999999999804
-0.019999999999999574
0.2469999999999999
0.08899999999999864
0.2170000000000023
0.16600000000000037
0.41100000000000136
0.42799999999999727
-0.004000000000001336
-0.013999999999999346
0.18100000000000094
0.16199999999999903
0.18900000000000006
0.010000000000001563
-0.004000000000001336
0.11500000000000199
0.4480000000000004
0.10500000000000043
0.05799999999999983
0.5899999999999999
0.134999999999998
0.10500000000000043
0.045999999999999375
0.28500000000000014
-0.07499999999999929
0.18499999999999872
0.2469999999999999
0.29100000000000037
0.18099999999999739
0.18799999999999883
0.6069999999999958
0.5629999999999988
0.4800000000000004
0.3979999999999997
0.5479999999999983
0.6230000000000011
0.8820000000000014
0.7489999999999988
0.620000000000001
1.2010000000000005
0.6030000000000015
0.5690000000000026
0.5750000000000028
0.570999999999998
0.772000000000002
1.8659999999999997
1.6329999999999991
1.686
1.6660000000000004
1.811
1.536999999999999
4.724999999999998
4.468
3.860000000000003
1.2580000000000027
1.379999999999999
-1.0239999999999974
